9.2
99.8
93.8
104.8
153.2
160.0
99.8
155.7
193.3
101.1
17.9
100.1
73.5
200.0
200.0
200.0
114.6
96.9
99.2
89.3
26.9
94.6
194.1
122.5
74.2
117.4
47.9
110.8
103.1
108.4
180.1
192.9
200.0
180.9
191.4
200.0
200.0
156.2
128.9
105.9
125.4
151.8
125.0
142.0
145.1
84.7
200.0
200.0
137.4
151.1
155.7
66.9
200.0
163.7
198.6
200.0
200.0
200.0
200.0
200.0
200.0
200.0
179.8
33.6
142.7
133.1
200.0
200.0
194.9
124.8
200.0
200.0
200.0
200.0
134.7
129.6
124.3
128.0
119.8
195.5
128.1
200.0
200.0
200.0
200.0
145.6
143.2
80.8
54.4
167.3
194.4
87.2
160.3
200.0
182.9
200.0
162.3
200.0
200.0
30.7
171.3
183.3
97.3
162.2
200.0
116.9
116.5
88.0
130.4
130.2
200.0
127.6
200.0
200.0
104.9
53.6
200.0
174.2
198.1
200.0
200.0
200.0
177.1
200.0
86.8
144.3
181.5
85.9
133.5
200.0
200.0
110.0
177.8
200.0
200.0
200.0
200.0
57.7
145.1
200.0
30.4
200.0
109.9
11.5
200.0
88.7
169.7
26.1
83.8
114.1
112.6
60.3
126.7
57.8
112.8
110.8
87.9
90.2
127.2
145.8
