8.9
9.3
9.4
9.5
9.5
9.2
9.3
9.2
9.6
60.8
9.2
29.4
9.5
20.4
16.1
31.2
10.6
38.5
10.2
9.3
195.7
129.3
103.3
9.5
200.0
16.2
200.0
9.5
33.8
18.3
16.4
13.3
54.0
200.0
9.3
200.0
9.5
111.7
68.4
9.9
10.8
12.5
200.0
200.0
9.6
59.2
51.1
58.1
49.0
36.8
178.5
57.9
200.0
70.8
200.0
9.7
104.3
9.4
115.6
10.6
71.7
11.4
150.0
14.9
138.4
156.1
159.3
88.3
115.1
200.0
119.6
116.1
198.9
200.0
10.8
200.0
200.0
82.9
200.0
200.0
200.0
55.7
30.7
200.0
200.0
200.0
182.7
68.2
37.3
10.1
200.0
10.2
59.3
13.0
20.0
200.0
200.0
200.0
15.4
48.2
200.0
119.1
83.7
25.0
200.0
200.0
200.0
200.0
10.0
12.3
200.0
11.0
123.1
58.9
200.0
175.1
200.0
101.9
63.2
10.8
199.0
113.0
200.0
118.9
200.0
11.5
10.1
16.8
9.5
177.7
50.4
130.9
41.2
54.5
10.4
60.5
87.2
107.7
92.4
23.7
105.4
72.2
36.9
105.6
79.5
96.8
88.6
116.0
144.9
128.6
113.6
61.3
76.9
100.1
94.1
64.1
10.2
76.8
10.4
72.6
